Gold Standard Results

Expected Assignments

  1  24619745  25682074  25752562  26201402  26273192  26568208  26820943  26925684  26968398  27015557  27580659  27888421  28101798  28198380  28377481  28618929  28653902  28958991  30391405  30397860  30405852  30419345  30419349
  2  22411249  23622184  23793209  23817811  23849732  23954459  24032991  25008444  29548054
  3  15110498  21670757  23858623  24715559  24950034  25439022  26031935  26492946  26542481  26861807  26987995  27100300  27346233  28625337  28689307  28863000
  4  12606185  15077107  17557942  19403164  21603163  22229570  23652683  23687244  23734358  24342234  24655065  24715171  24915888  25447947  25692532  25888148  26002249  26003065  26141073  26790364  27074261  27140670  27146508  27475293  27578468  27685428  27709245  28449677  28539217  28608632  28623538  28786882
  5  24523674  24533984  24705136  24715477  24769255  25080519
  6  8270381  8712208  12677556  15231740  17574030  21246219  23716571  24316073  24611735  24695551  25458167  25672202  26586152  27442694  27488999  28174811  29039417


Predicted Assignments

  1  24619745  24715477  25682074  25752562  26201402  26273192  26568208  26820943  26925684  26968398  27015557  27580659  27888421  28101798  28198380  28377481  28618929  28653902  28958991  30391405  30397860  30405852  30419345  30419349
  2  22411249  23622184  23793209  23817811  23849732  23954459  24032991  25008444  29548054
  3  15110498  21670757  23858623  24715559  24950034  25439022  26031935  26492946  26542481  26861807  26987995  27100300  27346233  28625337  28689307  28863000
  4  12606185  15077107  17557942  19403164  21603163  22229570  23652683  23687244  23734358  24342234  24655065  24715171  24915888  25447947  25692532  25888148  26002249  26003065  26790364  27074261  27140670  27146508  27475293  27578468  27685428  27709245  28449677  28539217  28608632  28623538  28786882
  5  24523674  24533984  24705136  24769255  25080519
  6  8270381  8712208  12677556  15231740  17574030  21246219  23716571  24316073  24611735  24695551  25458167  25672202  26586152  27442694  27488999  28174811  29039417
